0298
0501
0515
0273
0918
0924
0703
0065
0071
0717
0059
0850
0688
0844
0111
0105
0663
0893
0139
0887
0313
0475
0307
0449
0306
0312
0138
0886
0104
0662
0110
0845
0689
0851
0058
0070
0716
0702
0064
0931
0925
0919
0272
0266
0500
0299
0516
0264
0258
0099
0927
0714
0072
0066
0700
0728
0847
0853
0106
0674
0648
0890
0489
0304
0462
0310
0338
0339
0477
0311
0305
0463
0488
0891
0649
0885
0675
0661
0107
0846
0067
0701
0715
0073
0926
0932
0259
0503
0271
0517
0249
0513
0275
0261
0507
0088
0922
0739
0077
0711
0705
0063
0842
0856
0659
0881
0895
0103
0665
0671
0117
0498
0329
0467
0473
0466
0300
0328
0499
0116
0102
0664
0880
0658
0857
0704
0062
0076
0710
0738
0923
0089
0937
0260
0506
0512
0274
0248
0289
0538
0504
0276
0510
0921
0935
0909
0060
0706
0712
0074
0855
0841
0699
0869
0128
0896
0882
0672
0666
0458
0470
0316
0302
0303
0471
1009
0317
0459
0667
0101
0115
0673
0883
0868
0698
0840
0854
0713
0075
0061
0707
0049
0908
0934
0920
0277
0511
0539
0288
0589
0562
0210
0576
0953
0006
0760
0774
0012
0984
0748
0827
0600
0628
0416
0370
0364
0402
0365
0417
0601
0167
0198
0832
0749
0991
0985
0007
0761
0952
0239
0211
0577
0563
0205
0588
0575
0213
0207
0561
0788
0950
0777
0763
0005
0993
0987
0039
0824
0830
0165
0159
0398
0415
0372
0414
0400
0366
0399
0158
0616
0170
0164
0831
0825
0819
0986
0038
0992
0762
0004
0010
0776
0945
0789
0979
0548
0206
0560
0574
0212
0558
0564
0202
0955
0941
0996
0028
0982
0821
0835
0148
0606
0160
0174
0612
0389
0438
0362
0404
0410
0376
0411
0377
0363
0439
0175
0607
0161
0808
0834
0820
0001
0767
0015
0983
0997
0968
0940
0565
0203
0217
0571
0229
0201
0215
0942
0956
0981
0995
0765
0017
0771
0188
0822
0639
0611
0177
0163
0605
0375
0407
0361
0406
0360
0374
0348
0162
0610
0176
0638
0837
0189
0016
0770
0764
0994
0758
0980
0943
0572
0214
0200
0566
0228
0599
0580
0543
0225
0231
0557
0782
0796
0972
0027
0999
0033
0769
0190
0184
0812
0153
0621
0609
0392
0386
0437
0351
0379
0378
0344
0422
0350
0393
0608
0146
0152
0634
0807
0813
0185
0768
0754
0026
0740
0998
0967
0230
0542
0224
0595
0581
0597
0583
0232
0540
0568
0781
0959
0971
0965
0030
0756
0742
0024
0018
0193
0805
0811
0144
0622
0636
0150
0178
0391
0420
0352
0434
0409
0353
0435
0421
0390
0384
0179
0637
0151
0145
0623
0810
0804
0192
0186
0838
0025
0757
0958
0794
0569
0227
0541
0555
0233
0596
0592
0586
0545
0974
0960
0948
0784
0009
0753
0021
0800
0814
0182
0828
0169
0141
0155
0380
0419
0343
0425
0430
0356
0424
0418
0395
0381
0632
0140
0168
0197
0829
0183
0815
0801
0020
0746
0752
0034
0008
0785
0949
0791
0961
0975
0544
0236
0550
0578
0593
0591
0208
0546
0552
0234
0963
0977
0787
0793
0778
0022
0036
0750
0817
0803
0618
0630
0156
0142
0397
0383
0354
0432
0426
0340
0341
0369
0382
0396
0143
0625
0631
0157
0619
0802
0816
0037
0745
0792
0786
0962
0553
0235
0221
0209
0584
0291
0246
0520
0534
0252
0508
0939
0087
0905
0911
0722
0044
0078
0695
0859
0681
0871
0865
0656
0130
0124
0118
0483
0454
0326
1010
0468
1004
1011
0469
0441
0327
0333
0482
0496
0119
0125
0643
0131
0864
0870
0680
0694
0079
0723
0910
0938
0086
0509
0253
0521
0290
0284
0286
0251
0537
0523
0279
0912
0906
0735
0721
0709
0682
0866
0872
0133
0655
0669
0480
0494
0325
0443
0457
0319
1007
1013
1012
0318
0324
0442
0495
0481
0668
0132
0654
0898
0640
0873
0697
0683
0708
0046
0720
0734
0052
0907
0913
0085
0278
0244
0536
0293
0297
0283
0268
0532
0254
0240
0526
0917
0903
0095
0081
0718
0056
0730
0724
0042
0863
0678
0122
0644
0136
0485
0491
1002
0320
0334
0452
0335
0453
0447
0321
0309
0490
0484
0651
0645
0679
0692
0876
0862
0043
0731
0719
0080
0902
0916
0241
0255
0269
0282
0296
0280
0294
0519
0525
0243
0257
0531
0914
0082
0928
0096
0069
0733
0055
0874
0860
0848
0690
0684
0109
0135
0653
0647
0486
1001
0479
0451
0323
0445
0322
0444
0450
0336
0478
0487
0493
0646
0120
0134
0652
0108
0685
0849
0861
0732
0054
0040
0929
0083
0256
0530
0518
0295
0281